1962	0.50793654	2520
1963	0.5707453	2509
1964	0.7320158	2530
1965	0.8630952	2520
1966	1.0206431	2519
1967	1.3099601	2510
1968	1.3995575	2260
1969	1.4416		2500
1970	4.426419	7366
1971	5.7530327	7337
1972	7.574881	7365
1973	7.590476	7560
1974	6.276943	7590
1975	7.6837945	7590
1976	9.96917		7590
1977	11.32917	11529
1978	11.552331	12096
1979	12.784585	12144
1980	9.1217375	14712
1981	5.7117195	14975
1982	3.155245	26835
1983	4.682796	33893
1984	4.345937	44326
1985	4.4323845	67063
1986	5.764898	76588
1987	6.719144	89480
1988	5.522652	138926
1989	6.1021767	149917
1990	5.877728	183926
1991	6.6681166	199344
1992	7.1346893	233612
1993	8.166227	254104
1994	8.978111	272928
1995	9.80378		294827
1996	11.943231	328170
1997	15.030585	344971
1998	16.771475	364971
1999	17.00965	382829
2000	18.494745	396071
2001	18.747559	416918
2002	18.22184	449501
2003	18.875223	484726
2004	23.510422	538095
2005	26.195442	576813
2006	29.037148	609136
2007	32.929977	651150
2008	26.876827	691940
2009	21.602476	700962
2010	26.35764	71287
